270,92,493,226
